0.98
0.970
0.959
0.933
0.901
0.872
0.870
0.846
0.825
0.803
0.796
0.783
0.762
0.753
0.74
0.736
0.713
0.711
0.704
0.7
0.667
0.633
0.612
0.601
0.581
0.566
0.542
0.531
0.503
0.502
0.473
0.451
0.434
0.419
0.412
0.387
0.372
0.370
0.359
0.345
0.339
0.332
0.327
0.318
0.307
0.297
0.287
0.275
0.274
0.271
0.271
0.269
0.268
0.262
0.252
0.251
0.248
0.246
0.24
0.232
0.226
0.220
0.216
0.215
0.212
0.211
0.207
0.206
0.206
0.203
0.203
0.201
0.199
0.198
0.187
0.186
0.184
0.181
0.179
0.176
0.169
0.163
0.154
0.139
0.136
0.13
0.122
0.12
